Version 0.9.7
5
 4 10 175 77 128 0 1
 5 80 400 206 81 2 2
 0 180 180 877 276 8 3
 1 248 65 206 81 140 4
 3 1098 279 203 58 150 5
 0
24
 16711680 5 1109 316 1109 316 1109 428 1109 428 1000 428 1000 428 0 5 0 3
 16711680 5 263 134 263 134 240 134 240 428 246 428 246 428 0 4 0 3
 16711680 5 71 288 71 288 71 428 71 428 233 428 233 428 0 1 0 3
 16711680 5 71 189 71 189 71 194 71 194 233 194 233 194 0 1 0 3
 16711680 5 263 76 263 76 263 194 263 194 246 194 246 194 0 4 0 3
 16711680 5 350 285 350 285 350 285 350 194 350 194 350 194 0 3 0 3
 16711680 5 428 350 428 350 428 350 428 428 428 428 428 428 0 3 0 3
 16711680 5 597 285 597 285 597 285 597 194 597 194 597 194 0 3 0 3
 16711680 5 675 350 675 350 675 350 675 428 675 428 675 428 0 3 0 3
 16711680 5 818 285 818 285 818 285 818 194 818 194 818 194 0 3 0 3
 16711680 5 896 350 896 350 896 350 896 428 896 428 896 428 0 3 0 3
 16711680 5 323 76 323 76 314 76 314 350 350 350 350 350 0 4 0 3
 16711680 5 363 350 363 350 363 391 610 391 610 350 610 350 0 3 0 3
 16711680 5 304 76 304 76 288 76 288 350 597 350 597 350 0 4 0 3
 16711680 5 623 350 623 350 623 342 818 342 818 350 818 350 0 3 0 3
 16711680 5 323 89 323 89 323 363 323 363 376 363 376 363 0 4 0 3
 16711680 5 389 363 389 363 389 400 636 400 636 363 636 363 0 3 0 3
 16711680 5 342 76 334 76 334 378 649 378 649 363 649 363 0 4 0 3
 16711680 5 662 363 662 363 662 363 831 363 831 363 831 363 0 3 0 3
 16711680 5 844 363 844 363 844 363 857 363 857 363 857 363 0 3 0 3
 16711680 5 304 89 304 89 304 297 610 297 610 285 610 285 0 4 0 3
 16711680 5 342 89 342 89 342 285 342 285 623 285 623 285 0 4 0 3
 16711680 5 636 285 636 285 870 285 870 285 870 363 870 363 0 3 0 3
 16711680 5 883 363 883 363 1144 363 1144 363 1144 323 1144 323 0 3 0 5
3
 7008 1 14 591 298 5 0 0 0 3
 7004 1 14 344 298 5 0 0 0 3
 7032 1 14 812 298 5 0 0 0 3
